
                     mean       std    median      5.0%     95.0%     n_eff     r_hat
     beta_mu[0]      1.72      0.37      1.73      1.15      2.31   1058.84      1.00
     beta_mu[1]     -0.03      0.34     -0.03     -0.60      0.48   1308.30      1.00
     beta_mu[2]      0.79      0.35      0.79      0.16      1.31   1221.40      1.00
     beta_mu[3]      0.50      0.36      0.50     -0.04      1.11   1252.03      1.00
     beta_mu[4]      0.91      0.17      0.91      0.62      1.18   1392.46      1.00
  beta_sigma[0]      0.02      0.03      0.02     -0.04      0.07   1094.66      1.00
  beta_sigma[1]     -0.00      0.03     -0.00     -0.05      0.06   1229.30      1.00
  beta_sigma[2]      0.04      0.04      0.04     -0.02      0.09   1516.12      1.00
  beta_sigma[3]      0.03      0.04      0.03     -0.03      0.09   1394.14      1.00
  beta_sigma[4]      0.03      0.01      0.03      0.00      0.05   1611.64      1.00
  log_sigma_pos      2.02      0.01      2.02      1.99      2.04   1649.76      1.00
         mu_pos     11.98      0.39     11.99     11.37     12.62    399.20      1.01
      nu_offset     90.08     40.03     82.44     30.38    143.22   1909.57      1.00
         tau_mu      3.29      0.36      3.28      2.69      3.84    265.75      1.01
      tau_sigma      0.04      0.02      0.04      0.00      0.07    219.03      1.01
        z_mu[0]      1.57      0.34      1.57      1.03      2.07   1334.02      1.00
        z_mu[1]      0.98      0.54      0.98      0.11      1.84   2003.67      1.00
        z_mu[2]     -0.58      0.93     -0.59     -1.94      1.10   3457.60      1.00
        z_mu[3]      0.80      0.39      0.81      0.13      1.39   1359.46      1.00
        z_mu[4]      0.60      0.50      0.59     -0.20      1.43   1876.79      1.00
        z_mu[5]     -0.11      0.61     -0.11     -1.03      0.92   1968.61      1.00
        z_mu[6]      1.53      0.32      1.52      0.99      2.00    896.21      1.00
        z_mu[7]      0.42      0.57      0.42     -0.53      1.31   1959.39      1.00
        z_mu[8]      0.52      0.34      0.50     -0.00      1.08    995.43      1.00
        z_mu[9]      0.75      0.41      0.75      0.06      1.40   1420.86      1.00
       z_mu[10]     -1.16      0.58     -1.15     -2.09     -0.24   2977.01      1.00
       z_mu[11]     -0.94      0.59     -0.91     -1.99     -0.06   1660.57      1.00
       z_mu[12]      1.11      0.28      1.11      0.69      1.59    979.17      1.00
       z_mu[13]     -0.95      0.59     -0.93     -1.91      0.00   1612.92      1.00
       z_mu[14]     -1.17      0.60     -1.19     -2.12     -0.19   1909.53      1.00
       z_mu[15]     -0.65      0.49     -0.66     -1.45      0.11   2841.65      1.00
       z_mu[16]      0.48      0.53      0.48     -0.41      1.29   1738.95      1.00
       z_mu[17]     -1.05      0.51     -1.03     -1.89     -0.28   1388.72      1.00
       z_mu[18]      0.26      0.35      0.27     -0.32      0.78   1675.07      1.00
       z_mu[19]     -0.15      0.46     -0.14     -0.87      0.64   2115.79      1.00
       z_mu[20]     -0.73      0.58     -0.73     -1.71      0.17   3006.85      1.00
       z_mu[21]      1.37      0.29      1.37      0.90      1.81   1185.95      1.00
       z_mu[22]     -0.34      0.54     -0.36     -1.25      0.52   1994.52      1.00
       z_mu[23]      1.34      0.30      1.34      0.85      1.83   1312.76      1.00
       z_mu[24]     -0.93      0.80     -0.93     -2.19      0.34   2914.08      1.00
       z_mu[25]      0.93      0.32      0.93      0.37      1.42   1053.90      1.00
       z_mu[26]     -0.55      0.89     -0.56     -1.93      0.96   2185.61      1.00
       z_mu[27]     -0.69      0.60     -0.70     -1.67      0.25   1567.76      1.00
       z_mu[28]     -0.82      0.65     -0.82     -1.84      0.21   1947.97      1.00
       z_mu[29]      0.95      0.32      0.93      0.44      1.46   1132.99      1.00
       z_mu[30]      0.23      0.36      0.23     -0.41      0.78   1521.72      1.00
       z_mu[31]      0.83      0.29      0.83      0.40      1.32    979.54      1.00
       z_mu[32]     -0.89      0.73     -0.90     -1.96      0.42   2828.89      1.00
       z_mu[33]      0.42      0.34      0.43     -0.17      0.94   1393.50      1.00
       z_mu[34]     -0.09      0.85     -0.09     -1.52      1.21   2533.85      1.00
       z_mu[35]      0.22      0.42      0.23     -0.47      0.90   1824.27      1.00
       z_mu[36]      0.11      0.36      0.11     -0.48      0.68   1579.68      1.00
       z_mu[37]     -0.17      0.50     -0.16     -1.00      0.64   1825.63      1.00
       z_mu[38]      0.05      0.96      0.04     -1.47      1.75   2529.01      1.00
       z_mu[39]     -0.06      0.44     -0.06     -0.82      0.60   1482.57      1.00
       z_mu[40]     -0.98      0.50     -0.98     -1.77     -0.09   2245.97      1.00
       z_mu[41]     -0.67      0.48     -0.66     -1.49      0.10   2547.62      1.00
       z_mu[42]     -1.06      0.80     -1.05     -2.28      0.31   3000.09      1.00
       z_mu[43]      0.78      0.38      0.80      0.16      1.38   1880.09      1.00
       z_mu[44]      1.53      0.34      1.54      0.99      2.09   1205.87      1.00
       z_mu[45]      1.07      0.27      1.07      0.60      1.47   1229.61      1.00
       z_mu[46]     -0.45      0.33     -0.43     -0.97      0.08   1702.32      1.00
       z_mu[47]     -0.90      0.46     -0.89     -1.59     -0.13   2274.02      1.00
       z_mu[48]     -0.40      0.43     -0.39     -1.13      0.27   2144.61      1.00
       z_mu[49]      0.13      0.43      0.13     -0.60      0.77   1065.23      1.00
       z_mu[50]      1.01      0.39      1.02      0.38      1.66   2505.99      1.00
       z_mu[51]      0.22      0.82      0.22     -1.10      1.56   2591.11      1.00
       z_mu[52]     -0.61      0.38     -0.57     -1.23      0.01   1414.96      1.00
       z_mu[53]     -0.50      0.36     -0.50     -1.07      0.12   1530.85      1.00
       z_mu[54]      1.78      0.30      1.77      1.25      2.22    933.72      1.00
       z_mu[55]     -0.84      0.50     -0.83     -1.66     -0.01   1600.40      1.00
       z_mu[56]      0.56      0.45      0.55     -0.13      1.35   2052.10      1.00
       z_mu[57]     -0.93      0.63     -0.93     -1.92      0.10   2182.58      1.00
       z_mu[58]     -0.56      0.94     -0.53     -2.15      0.90   2523.44      1.00
       z_mu[59]     -1.10      0.45     -1.08     -1.82     -0.34   1768.11      1.00
       z_mu[60]     -1.02      0.76     -1.07     -2.23      0.21   3741.68      1.00
       z_mu[61]     -0.98      0.50     -0.97     -1.73     -0.10   1535.61      1.00
       z_mu[62]     -1.40      0.54     -1.39     -2.24     -0.49   2532.41      1.00
       z_mu[63]     -1.01      0.54     -1.00     -1.83     -0.16   2701.58      1.00
       z_mu[64]      0.08      0.46      0.09     -0.65      0.85   1920.77      1.00
       z_mu[65]      1.68      0.38      1.69      1.07      2.33   1157.18      1.00
       z_mu[66]      0.98      0.28      0.99      0.47      1.40   1056.87      1.00
       z_mu[67]      2.34      0.31      2.32      1.85      2.87    654.02      1.00
       z_mu[68]      0.40      0.34      0.40     -0.13      0.97   1425.93      1.00
       z_mu[69]     -0.92      0.73     -0.92     -2.09      0.34   2804.25      1.00
       z_mu[70]     -0.90      0.61     -0.89     -1.83      0.17   2959.48      1.00
       z_mu[71]     -0.32      0.68     -0.34     -1.45      0.79   1912.73      1.00
       z_mu[72]      0.64      0.62      0.62     -0.36      1.66   2630.94      1.00
       z_mu[73]     -1.06      0.65     -1.06     -2.06      0.02   2554.42      1.00
       z_mu[74]     -0.55      0.97     -0.57     -2.06      1.09   4353.67      1.00
       z_mu[75]      1.40      0.34      1.40      0.88      1.96    878.56      1.00
       z_mu[76]     -0.36      0.64     -0.34     -1.53      0.54   1818.11      1.00
       z_mu[77]     -0.28      0.54     -0.27     -1.11      0.66   2470.16      1.00
       z_mu[78]      0.52      0.68      0.54     -0.68      1.58   2109.27      1.00
       z_mu[79]      0.12      0.34      0.12     -0.46      0.64   1665.81      1.00
       z_mu[80]     -0.26      0.73     -0.28     -1.53      0.79   2716.11      1.00
       z_mu[81]      0.25      0.41      0.25     -0.44      0.86   1888.62      1.00
       z_mu[82]      0.31      0.33      0.32     -0.20      0.86   1316.16      1.00
       z_mu[83]     -0.42      0.71     -0.42     -1.64      0.61   2070.98      1.00
       z_mu[84]     -0.81      0.72     -0.81     -2.04      0.31   2794.85      1.00
       z_mu[85]     -0.25      0.47     -0.24     -0.93      0.63   1923.67      1.00
       z_mu[86]     -0.59      0.78     -0.58     -1.88      0.64   2472.11      1.00
       z_mu[87]      0.96      0.29      0.96      0.53      1.48   1263.09      1.00
       z_mu[88]     -0.81      0.80     -0.83     -2.09      0.50   3368.62      1.00
       z_mu[89]      0.72      0.35      0.73      0.18      1.31   1626.18      1.00
       z_mu[90]     -0.36      0.75     -0.35     -1.55      0.89   2541.20      1.00
       z_mu[91]      1.41      0.29      1.43      0.92      1.86   1171.76      1.00
       z_mu[92]     -0.42      0.81     -0.41     -1.69      0.87   2730.26      1.00
       z_mu[93]      1.45      0.33      1.46      0.90      1.98   1076.44      1.00
       z_mu[94]      1.59      0.31      1.58      1.07      2.08    986.37      1.00
       z_mu[95]     -0.30      0.63     -0.30     -1.31      0.69   1992.10      1.00
       z_mu[96]     -0.06      0.34     -0.07     -0.64      0.46   1485.55      1.00
       z_mu[97]     -1.12      0.69     -1.12     -2.21      0.04   3516.07      1.00
       z_mu[98]     -0.49      0.89     -0.50     -1.93      1.00   1867.50      1.00
       z_mu[99]      0.50      0.38      0.50     -0.10      1.13   1544.14      1.00
      z_mu[100]     -0.54      0.94     -0.56     -2.04      0.95   2684.43      1.00
      z_mu[101]      0.55      0.31      0.55      0.05      1.06   1417.51      1.00
      z_mu[102]      0.02      0.32      0.02     -0.46      0.54   1205.97      1.00
      z_mu[103]     -0.39      0.59     -0.39     -1.29      0.62   2122.08      1.00
      z_mu[104]      0.14      0.37      0.15     -0.42      0.75   1830.89      1.00
      z_mu[105]      0.57      0.49      0.56     -0.13      1.42   2182.11      1.00
      z_mu[106]     -0.53      0.81     -0.56     -1.92      0.71   2655.04      1.00
      z_mu[107]     -0.54      0.93     -0.53     -2.17      0.90   2174.59      1.00
      z_mu[108]     -0.95      0.56     -0.96     -1.85     -0.00   2638.84      1.00
      z_mu[109]      1.26      0.36      1.26      0.61      1.78   1438.61      1.00
      z_mu[110]     -0.61      0.39     -0.61     -1.33     -0.02   1273.43      1.00
      z_mu[111]     -0.29      0.49     -0.28     -1.09      0.49   2028.81      1.00
      z_mu[112]     -0.30      0.42     -0.29     -0.94      0.43   1475.10      1.00
      z_mu[113]     -0.69      0.51     -0.68     -1.47      0.21   1978.69      1.00
      z_mu[114]     -0.70      0.91     -0.71     -2.11      0.81   2724.64      1.00
      z_mu[115]      0.41      0.79      0.41     -0.84      1.73   2185.30      1.00
      z_mu[116]     -0.69      0.62     -0.67     -1.68      0.26   2267.51      1.00
      z_mu[117]      0.03      0.58      0.05     -0.87      0.95   3281.60      1.00
      z_mu[118]     -0.76      0.81     -0.73     -2.11      0.57   2737.84      1.00
      z_mu[119]      0.11      0.44      0.12     -0.56      0.85   1307.22      1.00
      z_mu[120]     -0.88      0.51     -0.89     -1.74     -0.08   1882.10      1.00
      z_mu[121]     -1.25      0.53     -1.24     -2.07     -0.35   1643.22      1.00
      z_mu[122]     -0.87      0.82     -0.89     -2.17      0.53   2652.30      1.00
      z_mu[123]     -1.00      0.63     -1.00     -2.06     -0.02   3154.97      1.00
      z_mu[124]      0.26      0.37      0.26     -0.33      0.87   1271.15      1.00
      z_mu[125]     -0.11      0.49     -0.11     -0.94      0.63   2257.86      1.00
      z_mu[126]      0.73      0.38      0.71      0.11      1.35   1655.02      1.00
      z_mu[127]      0.72      0.57      0.74     -0.24      1.63   1584.43      1.00
      z_mu[128]     -0.17      0.62     -0.17     -1.26      0.75   2307.40      1.00
      z_mu[129]      0.35      0.88      0.34     -0.94      1.94   2487.56      1.00
      z_mu[130]      1.15      0.53      1.14      0.31      2.01   1655.55      1.00
      z_mu[131]      0.53      0.56      0.55     -0.38      1.42   2156.54      1.00
      z_mu[132]      1.42      0.57      1.43      0.61      2.44   1786.01      1.00
      z_mu[133]      0.10      0.74      0.10     -1.08      1.33   3181.29      1.00
      z_mu[134]      0.57      0.51      0.58     -0.24      1.45   2219.80      1.00
     z_sigma[0]      0.33      0.94      0.35     -1.06      2.09   2484.24      1.00
     z_sigma[1]     -0.10      0.98     -0.08     -1.65      1.52   1805.01      1.00
     z_sigma[2]      0.05      0.97      0.03     -1.45      1.69   1711.82      1.00
     z_sigma[3]     -0.30      0.97     -0.29     -1.64      1.44   3013.94      1.00
     z_sigma[4]     -0.24      1.06     -0.27     -2.15      1.26   1481.51      1.00
     z_sigma[5]     -0.02      1.02     -0.08     -1.56      1.74   2165.67      1.00
     z_sigma[6]     -0.07      0.94     -0.09     -1.59      1.47   3043.14      1.00
     z_sigma[7]      0.17      0.99      0.18     -1.51      1.79   2146.77      1.00
     z_sigma[8]      0.20      0.91      0.22     -1.13      1.75   2036.35      1.00
     z_sigma[9]      0.24      0.95      0.25     -1.39      1.72   2396.16      1.00
    z_sigma[10]     -0.16      0.98     -0.16     -1.66      1.57   2684.28      1.00
    z_sigma[11]      0.33      1.01      0.33     -1.42      1.93   1520.81      1.00
    z_sigma[12]     -0.44      0.92     -0.48     -1.97      1.08   2016.71      1.00
    z_sigma[13]     -0.20      0.94     -0.24     -1.79      1.29   1756.99      1.00
    z_sigma[14]     -0.24      1.03     -0.23     -1.94      1.43   2943.74      1.00
    z_sigma[15]      0.07      0.97      0.05     -1.42      1.73   2838.16      1.00
    z_sigma[16]      0.39      0.93      0.37     -1.09      1.90   1583.85      1.00
    z_sigma[17]     -0.19      0.96     -0.19     -1.65      1.49   2144.30      1.00
    z_sigma[18]      0.13      0.96      0.11     -1.36      1.80   2606.17      1.00
    z_sigma[19]     -0.01      0.94     -0.01     -1.63      1.50   1902.97      1.00
    z_sigma[20]     -0.04      1.00     -0.01     -1.70      1.59   1772.93      1.00
    z_sigma[21]     -0.53      0.94     -0.55     -2.06      1.03   1668.47      1.00
    z_sigma[22]      0.09      1.03      0.08     -1.50      1.82   3077.15      1.00
    z_sigma[23]      0.13      0.91      0.13     -1.21      1.74   1916.10      1.00
    z_sigma[24]     -0.07      1.03     -0.10     -1.74      1.69   2700.59      1.00
    z_sigma[25]     -0.16      1.01     -0.14     -1.70      1.63   4797.82      1.00
    z_sigma[26]      0.04      1.03      0.07     -1.51      1.90   3392.15      1.00
    z_sigma[27]      0.11      1.04      0.12     -1.42      2.02   2400.79      1.00
    z_sigma[28]     -0.06      1.09     -0.05     -1.77      1.80   2755.67      1.00
    z_sigma[29]     -0.39      0.94     -0.40     -1.81      1.28   2292.91      1.00
    z_sigma[30]     -0.20      1.03     -0.21     -1.73      1.51   2143.57      1.00
    z_sigma[31]     -0.43      0.94     -0.39     -1.88      1.10   1952.08      1.00
    z_sigma[32]     -0.07      0.94     -0.07     -1.58      1.49   2104.93      1.00
    z_sigma[33]     -0.20      0.89     -0.21     -1.56      1.32   2409.96      1.00
    z_sigma[34]     -0.03      0.99     -0.04     -1.66      1.54   2610.31      1.00
    z_sigma[35]      0.93      1.03      0.98     -0.65      2.73    863.11      1.00
    z_sigma[36]     -0.31      1.01     -0.32     -1.86      1.34   2397.92      1.00
    z_sigma[37]      0.03      1.06      0.03     -1.71      1.85   1519.24      1.00
    z_sigma[38]     -0.00      1.08     -0.03     -1.76      1.81   2327.85      1.00
    z_sigma[39]      0.34      0.96      0.35     -1.15      1.96   1810.72      1.00
    z_sigma[40]      0.00      1.01     -0.02     -1.68      1.66   2716.10      1.00
    z_sigma[41]     -0.11      0.96     -0.10     -1.54      1.56   2436.66      1.00
    z_sigma[42]     -0.00      0.96      0.01     -1.47      1.63   2472.93      1.00
    z_sigma[43]      0.09      0.92      0.12     -1.30      1.72   2029.85      1.00
    z_sigma[44]      0.72      0.97      0.73     -0.80      2.32   1691.02      1.00
    z_sigma[45]      0.13      0.85      0.13     -1.17      1.57   1986.80      1.00
    z_sigma[46]     -0.18      0.93     -0.16     -1.63      1.40   2577.47      1.00
    z_sigma[47]     -0.14      1.04     -0.13     -1.98      1.39   2497.61      1.00
    z_sigma[48]      0.09      0.99      0.13     -1.49      1.64   2223.30      1.00
    z_sigma[49]      0.14      0.98      0.15     -1.32      1.80   2456.28      1.00
    z_sigma[50]     -0.14      0.99     -0.14     -1.75      1.46   2799.05      1.00
    z_sigma[51]      0.18      1.02      0.19     -1.32      1.91   1842.05      1.00
    z_sigma[52]      0.02      0.96      0.04     -1.46      1.71   2233.26      1.00
    z_sigma[53]      0.09      0.88      0.07     -1.43      1.52   2052.51      1.00
    z_sigma[54]     -0.36      0.98     -0.37     -1.78      1.42   1766.35      1.00
    z_sigma[55]     -0.16      1.04     -0.16     -1.92      1.43   2297.73      1.00
    z_sigma[56]      0.12      0.96      0.15     -1.33      1.72   1595.46      1.00
    z_sigma[57]     -0.09      0.97     -0.09     -1.75      1.45   2346.63      1.00
    z_sigma[58]      0.06      0.95      0.08     -1.48      1.67   2920.13      1.00
    z_sigma[59]     -0.29      1.00     -0.28     -1.70      1.47   2072.50      1.00
    z_sigma[60]     -0.01      1.03     -0.01     -1.61      1.84   2318.02      1.00
    z_sigma[61]      0.28      0.99      0.26     -1.47      1.79   2726.69      1.00
    z_sigma[62]     -0.36      1.05     -0.35     -1.81      1.58   2228.79      1.00
    z_sigma[63]     -0.17      0.96     -0.18     -1.74      1.40   2214.10      1.00
    z_sigma[64]      0.06      0.95      0.07     -1.49      1.60   2367.97      1.00
    z_sigma[65]     -0.05      0.96     -0.04     -1.46      1.56   2503.75      1.00
    z_sigma[66]     -0.19      0.93     -0.15     -1.83      1.23   1616.05      1.00
    z_sigma[67]     -0.04      0.88     -0.07     -1.42      1.39   1988.47      1.00
    z_sigma[68]      0.63      0.88      0.67     -0.73      2.16   1215.38      1.00
    z_sigma[69]     -0.05      1.10     -0.09     -1.92      1.70   2848.24      1.00
    z_sigma[70]     -0.11      1.04     -0.11     -1.82      1.55   2732.66      1.00
    z_sigma[71]      0.03      0.98      0.04     -1.42      1.75   2156.14      1.00
    z_sigma[72]      0.35      1.02      0.38     -1.33      2.05   1850.48      1.00
    z_sigma[73]     -0.23      0.94     -0.24     -1.66      1.37   1988.41      1.00
    z_sigma[74]      0.01      1.03      0.04     -1.79      1.49   2299.79      1.00
    z_sigma[75]     -0.24      0.91     -0.26     -1.53      1.35   1567.84      1.00
    z_sigma[76]     -0.03      1.01     -0.04     -1.79      1.55   2902.97      1.00
    z_sigma[77]      0.18      1.03      0.17     -1.42      1.94   2411.36      1.00
    z_sigma[78]      0.04      0.97      0.03     -1.48      1.62   2684.19      1.00
    z_sigma[79]     -0.10      0.89     -0.08     -1.63      1.27   2185.16      1.00
    z_sigma[80]      0.14      0.97      0.15     -1.52      1.64   1976.23      1.00
    z_sigma[81]      0.64      1.01      0.68     -1.14      2.18   1195.93      1.00
    z_sigma[82]     -0.09      0.92     -0.09     -1.67      1.39   1636.88      1.00
    z_sigma[83]     -0.08      1.07     -0.06     -1.67      1.68   3015.07      1.00
    z_sigma[84]     -0.06      0.99     -0.08     -1.60      1.58   2976.51      1.00
    z_sigma[85]      0.13      0.98      0.09     -1.47      1.72   2258.41      1.00
    z_sigma[86]     -0.01      1.00     -0.02     -1.52      1.63   2497.63      1.00
    z_sigma[87]      0.08      0.89      0.12     -1.38      1.47   3639.78      1.00
    z_sigma[88]      0.02      1.03     -0.00     -1.77      1.64   2151.73      1.00
    z_sigma[89]      0.07      0.91      0.07     -1.49      1.51   2108.81      1.00
    z_sigma[90]      0.08      0.92      0.07     -1.48      1.62   2056.19      1.00
    z_sigma[91]      0.05      0.99      0.07     -1.42      1.84   2279.84      1.00
    z_sigma[92]     -0.01      1.00     -0.01     -1.62      1.68   2998.00      1.00
    z_sigma[93]      0.26      0.99      0.28     -1.36      1.85   2049.15      1.00
    z_sigma[94]      0.22      0.90      0.21     -1.32      1.60   1951.75      1.00
    z_sigma[95]     -0.05      1.00     -0.06     -1.69      1.59   1812.96      1.00
    z_sigma[96]      0.26      0.97      0.25     -1.20      1.90   2231.55      1.00
    z_sigma[97]     -0.13      1.04     -0.12     -1.67      1.60   2748.34      1.00
    z_sigma[98]     -0.01      1.04     -0.02     -1.77      1.62   2113.28      1.00
    z_sigma[99]      0.45      1.00      0.47     -1.27      1.98   2292.70      1.00
   z_sigma[100]      0.03      0.99      0.04     -1.71      1.54   1773.87      1.00
   z_sigma[101]     -0.25      0.91     -0.26     -1.85      1.08   1689.53      1.00
   z_sigma[102]     -0.16      0.93     -0.16     -1.62      1.37   2162.58      1.00
   z_sigma[103]      0.12      1.04      0.11     -1.67      1.74   2057.53      1.00
   z_sigma[104]     -0.20      0.94     -0.18     -1.62      1.37   2351.15      1.00
   z_sigma[105]      0.28      0.96      0.28     -1.10      2.02   2243.54      1.00
   z_sigma[106]     -0.02      0.99     -0.02     -1.52      1.68   3860.76      1.00
   z_sigma[107]      0.03      1.02      0.03     -1.68      1.63   3148.67      1.00
   z_sigma[108]     -0.19      1.02     -0.23     -1.91      1.40   3087.45      1.00
   z_sigma[109]      0.29      0.96      0.27     -1.31      1.77   1606.40      1.00
   z_sigma[110]     -0.49      0.98     -0.51     -2.29      0.95   1931.22      1.00
   z_sigma[111]      0.06      1.00      0.03     -1.59      1.59   2066.52      1.00
   z_sigma[112]     -0.05      0.95     -0.05     -1.55      1.45   2372.62      1.00
   z_sigma[113]      0.04      1.06      0.01     -1.68      1.77   2858.47      1.00
   z_sigma[114]      0.02      1.02      0.02     -1.72      1.61   3516.55      1.00
   z_sigma[115]      0.03      1.03      0.04     -1.59      1.66   1800.76      1.00
   z_sigma[116]      0.02      0.93      0.00     -1.50      1.61   1889.55      1.00
   z_sigma[117]     -0.02      0.95     -0.03     -1.49      1.51   2502.34      1.00
   z_sigma[118]     -0.04      0.99     -0.03     -1.54      1.66   2201.91      1.00
   z_sigma[119]     -0.03      0.95     -0.02     -1.50      1.56   2576.05      1.00
   z_sigma[120]     -0.29      0.95     -0.27     -1.76      1.38   2124.32      1.00
   z_sigma[121]     -0.30      0.94     -0.25     -2.00      1.14   2064.81      1.00
   z_sigma[122]      0.02      1.02      0.04     -1.68      1.64   2156.36      1.00
   z_sigma[123]     -0.19      1.04     -0.17     -1.96      1.40   2711.65      1.00
   z_sigma[124]      0.06      0.98      0.05     -1.81      1.39   1766.15      1.00
   z_sigma[125]      0.03      0.96      0.02     -1.49      1.65   2279.28      1.00
   z_sigma[126]     -0.17      0.96     -0.17     -1.74      1.40   2571.39      1.00
   z_sigma[127]      0.04      0.94      0.01     -1.48      1.60   1957.57      1.00
   z_sigma[128]     -0.13      0.98     -0.11     -1.77      1.44   1902.33      1.00
   z_sigma[129]     -0.01      0.98     -0.01     -1.46      1.67   2391.79      1.00
   z_sigma[130]     -0.13      0.98     -0.13     -1.69      1.43   2271.08      1.00
   z_sigma[131]     -0.05      0.96     -0.05     -1.63      1.46   2200.42      1.00
   z_sigma[132]      0.07      0.97      0.03     -1.44      1.69   1964.91      1.00
   z_sigma[133]      0.13      0.97      0.08     -1.30      1.90   2444.15      1.00
   z_sigma[134]      0.01      0.97      0.01     -1.63      1.51   2093.45      1.00